18
1 3 2 1 3 2 1 3 2 1 3 2 1 3 2 1 3 2 
3 4 3 3 4 3 3 4 3 3 4 3 3 4 3 3 4 3 
5 3 7 5 3 7 5 3 7 5 3 7 5 3 7 5 3 7 
1 3 2 1 3 2 1 3 2 1 3 2 1 3 2 1 3 2 
3 4 3 3 4 3 3 4 3 3 4 3 3 4 3 3 4 3 
5 3 7 5 3 7 5 3 7 5 3 7 5 3 7 5 3 7 
1 3 2 1 3 2 1 3 2 1 3 2 1 3 2 1 3 2 
3 4 3 3 4 3 3 4 3 3 4 3 3 4 3 3 4 3 
5 3 7 5 3 7 5 3 7 5 3 7 5 3 7 5 3 7 
1 3 2 1 3 2 1 3 2 1 3 2 1 3 2 1 3 2 
3 4 3 3 4 3 3 4 3 3 4 3 3 4 3 3 4 3 
5 3 7 5 3 7 5 3 7 5 3 7 5 3 7 5 3 7 
1 3 2 1 3 2 1 3 2 1 3 2 1 3 2 1 3 2 
3 4 3 3 4 3 3 4 3 3 4 3 3 4 3 3 4 3 
5 3 7 5 3 7 5 3 7 5 3 7 5 3 7 5 3 7 
1 3 2 1 3 2 1 3 2 1 3 2 1 3 2 1 3 2 
3 4 3 3 4 3 3 4 3 3 4 3 3 4 3 3 4 3 
5 3 7 5 3 7 5 3 7 5 3 7 5 3 7 5 3 7 
