100 
20 524288
20 524288
20 524288
20 524288
20 524288
20 524288
20 524288
20 524288
20 524288
20 524288
20 524288
20 524288
20 524288
20 524288
20 524288
20 524288
20 524288
20 524288
20 524288
20 524288
20 524288
20 524288
20 524288
20 524288
20 524288
20 524288
20 524288
20 524288
20 524288
20 524288
20 524288
20 524288
20 524288
20 524288
20 524288
20 524288
20 524288
20 524288
20 524288
20 524288
20 524288
20 524288
20 524288
20 524288
20 524288
20 524288
20 524288
20 524288
20 524288
20 524288
20 524288
20 524288
20 524288
20 524288
20 524288
20 524288
20 524288
20 524288
20 524288
20 524288
20 524288
20 524288
20 524288
20 524288
20 524288
20 524288
20 524288
20 524288
20 524288
20 524288
20 524288
20 524288
20 524288
20 524288
20 524288
20 524288
20 524288
20 524288
20 524288
20 524288
20 524288
20 524288
20 524288
20 524288
20 524288
20 524288
20 524288
20 524288
20 524288
20 524288
20 524288
20 524288
20 524288
20 524288
20 524288
20 524288
20 524288
20 524288
20 524288
20 524288

